6.200000000000000000e+01
2.987000000000000000e+03
1.086000000000000000e+03
1.919000000000000000e+03
1.722000000000000000e+03
2.410000000000000000e+03
1.744000000000000000e+03
1.714000000000000000e+03
2.948000000000000000e+03
1.930000000000000000e+03
4.980000000000000000e+02
1.639000000000000000e+03
1.221000000000000000e+03
3.680000000000000000e+02
9.950000000000000000e+02
9.250000000000000000e+02
4.620000000000000000e+02
5.080000000000000000e+02
3.248000000000000000e+03
3.199000000000000000e+03
2.043000000000000000e+03
1.564000000000000000e+03
5.800000000000000000e+02
9.330000000000000000e+02
2.061000000000000000e+03
1.602000000000000000e+03
1.993000000000000000e+03
1.820000000000000000e+02
4.190000000000000000e+02
3.079000000000000000e+03
2.150000000000000000e+02
3.182000000000000000e+03
3.293000000000000000e+03
2.198000000000000000e+03
1.294000000000000000e+03
6.680000000000000000e+02
2.929000000000000000e+03
3.082000000000000000e+03
1.285000000000000000e+03
1.692000000000000000e+03
2.172000000000000000e+03
7.930000000000000000e+02
1.710000000000000000e+02
4.250000000000000000e+02
1.735000000000000000e+03
3.296000000000000000e+03
7.760000000000000000e+02
1.691000000000000000e+03
5.960000000000000000e+02
3.191000000000000000e+03
3.069000000000000000e+03
1.160000000000000000e+03
1.164000000000000000e+03
2.344000000000000000e+03
2.766000000000000000e+03
1.904000000000000000e+03
3.155000000000000000e+03
1.293000000000000000e+03
3.261000000000000000e+03
6.230000000000000000e+02
1.752000000000000000e+03
3.078000000000000000e+03
3.022000000000000000e+03
2.885000000000000000e+03
2.372000000000000000e+03
1.869000000000000000e+03
1.325000000000000000e+03
7.820000000000000000e+02
2.090000000000000000e+03
1.844000000000000000e+03
3.007000000000000000e+03
1.113000000000000000e+03
3.211000000000000000e+03
3.120000000000000000e+03
2.031000000000000000e+03
1.158000000000000000e+03
3.280000000000000000e+02
7.100000000000000000e+01
2.953000000000000000e+03
2.781000000000000000e+03
4.700000000000000000e+02
3.084000000000000000e+03
1.926000000000000000e+03
3.257000000000000000e+03
8.680000000000000000e+02
2.892000000000000000e+03
1.496000000000000000e+03
7.070000000000000000e+02
2.430000000000000000e+03
2.306000000000000000e+03
1.595000000000000000e+03
1.656000000000000000e+03
1.282000000000000000e+03
3.550000000000000000e+02
1.121000000000000000e+03
2.587000000000000000e+03
2.772000000000000000e+03
9.770000000000000000e+02
2.699000000000000000e+03
2.230000000000000000e+02
2.169000000000000000e+03
8.600000000000000000e+02
1.788000000000000000e+03
6.350000000000000000e+02
1.134000000000000000e+03
1.390000000000000000e+02
8.000000000000000000e+01
1.446000000000000000e+03
9.870000000000000000e+02
2.065000000000000000e+03
8.330000000000000000e+02
1.916000000000000000e+03
6.650000000000000000e+02
2.034000000000000000e+03
1.140000000000000000e+03
4.010000000000000000e+02
1.854000000000000000e+03
1.280000000000000000e+03
1.577000000000000000e+03
1.870000000000000000e+03
1.562000000000000000e+03
7.740000000000000000e+02
7.010000000000000000e+02
1.774000000000000000e+03
2.442000000000000000e+03
2.208000000000000000e+03
2.976000000000000000e+03
1.863000000000000000e+03
1.075000000000000000e+03
7.790000000000000000e+02
1.466000000000000000e+03
3.195000000000000000e+03
2.548000000000000000e+03
1.502000000000000000e+03
2.201000000000000000e+03
6.730000000000000000e+02
6.560000000000000000e+02
1.817000000000000000e+03
2.070000000000000000e+02
8.110000000000000000e+02
6.520000000000000000e+02
1.169000000000000000e+03
9.910000000000000000e+02
2.539000000000000000e+03
4.100000000000000000e+01
2.152000000000000000e+03
1.363000000000000000e+03
1.390000000000000000e+03
2.343000000000000000e+03
1.855000000000000000e+03
7.220000000000000000e+02
2.607000000000000000e+03
1.231000000000000000e+03
2.238000000000000000e+03
2.590000000000000000e+03
5.460000000000000000e+02
4.750000000000000000e+02
2.310000000000000000e+03
1.968000000000000000e+03
2.865000000000000000e+03
1.983000000000000000e+03
2.845000000000000000e+03
2.337000000000000000e+03
9.510000000000000000e+02
3.089000000000000000e+03
1.265000000000000000e+03
4.470000000000000000e+02
8.800000000000000000e+01
1.407000000000000000e+03
7.270000000000000000e+02
3.088000000000000000e+03
7.140000000000000000e+02
3.540000000000000000e+02
3.305000000000000000e+03
1.686000000000000000e+03
2.352000000000000000e+03
1.574000000000000000e+03
3.143000000000000000e+03
2.017000000000000000e+03
1.590000000000000000e+02
3.170000000000000000e+03
2.562000000000000000e+03
3.005000000000000000e+03
4.400000000000000000e+01
3.190000000000000000e+02
2.654000000000000000e+03
3.380000000000000000e+02
1.659000000000000000e+03
7.540000000000000000e+02
4.410000000000000000e+02
1.713000000000000000e+03
2.792000000000000000e+03
3.224000000000000000e+03
1.620000000000000000e+02
2.609000000000000000e+03
2.085000000000000000e+03
1.900000000000000000e+01
1.474000000000000000e+03
1.519000000000000000e+03
9.210000000000000000e+02
3.250000000000000000e+02
2.138000000000000000e+03
2.232000000000000000e+03
2.304000000000000000e+03
8.280000000000000000e+02
1.255000000000000000e+03
2.441000000000000000e+03
8.490000000000000000e+02
3.790000000000000000e+02
2.454000000000000000e+03
2.160000000000000000e+03
1.819000000000000000e+03
5.580000000000000000e+02
8.300000000000000000e+02
9.670000000000000000e+02
1.716000000000000000e+03
3.183000000000000000e+03
4.560000000000000000e+02
1.901000000000000000e+03
6.780000000000000000e+02
1.649000000000000000e+03
9.430000000000000000e+02
2.374000000000000000e+03
1.027000000000000000e+03
3.220000000000000000e+03
3.560000000000000000e+02
1.001000000000000000e+03
7.120000000000000000e+02
1.481000000000000000e+03
2.059000000000000000e+03
2.333000000000000000e+03
2.381000000000000000e+03
2.280000000000000000e+03
2.180000000000000000e+03
1.660000000000000000e+02
1.999000000000000000e+03
2.212000000000000000e+03
2.674000000000000000e+03
4.590000000000000000e+02
2.737000000000000000e+03
2.464000000000000000e+03
2.216000000000000000e+03
1.322000000000000000e+03
1.849000000000000000e+03
2.567000000000000000e+03
2.922000000000000000e+03
1.037000000000000000e+03
2.056000000000000000e+03
2.560000000000000000e+03
3.262000000000000000e+03
1.138000000000000000e+03
3.910000000000000000e+02
2.995000000000000000e+03
2.871000000000000000e+03
2.608000000000000000e+03
2.262000000000000000e+03
2.403000000000000000e+03
1.106000000000000000e+03
3.068000000000000000e+03
1.218000000000000000e+03
1.941000000000000000e+03
2.998000000000000000e+03
7.910000000000000000e+02
1.618000000000000000e+03
1.224000000000000000e+03
7.890000000000000000e+02
2.830000000000000000e+02
1.073000000000000000e+03
2.100000000000000000e+01
9.400000000000000000e+02
1.444000000000000000e+03
0.000000000000000000e+00
1.667000000000000000e+03
1.120000000000000000e+03
6.000000000000000000e+02
1.165000000000000000e+03
1.279000000000000000e+03
2.749000000000000000e+03
5.640000000000000000e+02
7.570000000000000000e+02
1.846000000000000000e+03
7.800000000000000000e+01
1.737000000000000000e+03
1.196000000000000000e+03
1.688000000000000000e+03
1.059000000000000000e+03
3.035000000000000000e+03
4.650000000000000000e+02
4.790000000000000000e+02
2.194000000000000000e+03
3.012000000000000000e+03
1.347000000000000000e+03
6.990000000000000000e+02
1.516000000000000000e+03
8.850000000000000000e+02
2.000000000000000000e+00
4.400000000000000000e+02
3.101000000000000000e+03
9.140000000000000000e+02
1.794000000000000000e+03
3.109000000000000000e+03
3.210000000000000000e+03
4.890000000000000000e+02
2.233000000000000000e+03
1.020000000000000000e+03
2.008000000000000000e+03
2.493000000000000000e+03
1.613000000000000000e+03
2.979000000000000000e+03
2.066000000000000000e+03
2.391000000000000000e+03
5.030000000000000000e+02
2.883000000000000000e+03
2.831000000000000000e+03
3.206000000000000000e+03
2.629000000000000000e+03
4.180000000000000000e+02
6.150000000000000000e+02
9.800000000000000000e+02
2.479000000000000000e+03
1.151000000000000000e+03
3.236000000000000000e+03
3.222000000000000000e+03
1.604000000000000000e+03
2.524000000000000000e+03
2.149000000000000000e+03
2.354000000000000000e+03
9.720000000000000000e+02
5.690000000000000000e+02
6.050000000000000000e+02
1.539000000000000000e+03
1.952000000000000000e+03
1.110000000000000000e+03
1.684000000000000000e+03
4.290000000000000000e+02
2.081000000000000000e+03
3.167000000000000000e+03
2.225000000000000000e+03
8.340000000000000000e+02
8.880000000000000000e+02
5.060000000000000000e+02
7.430000000000000000e+02
1.335000000000000000e+03
1.401000000000000000e+03
1.120000000000000000e+02
2.605000000000000000e+03
6.110000000000000000e+02
1.953000000000000000e+03
2.850000000000000000e+02
1.695000000000000000e+03
1.387000000000000000e+03
2.202000000000000000e+03
3.271000000000000000e+03
1.641000000000000000e+03
4.940000000000000000e+02
3.057000000000000000e+03
1.672000000000000000e+03
5.780000000000000000e+02
2.440000000000000000e+03
4.480000000000000000e+02
8.610000000000000000e+02
1.171000000000000000e+03
2.795000000000000000e+03
3.292000000000000000e+03
1.389000000000000000e+03
2.939000000000000000e+03
3.970000000000000000e+02
2.210000000000000000e+03
2.624000000000000000e+03
2.513000000000000000e+03
3.174000000000000000e+03
5.970000000000000000e+02
2.988000000000000000e+03
2.094000000000000000e+03
2.903000000000000000e+03
7.260000000000000000e+02
6.800000000000000000e+01
7.020000000000000000e+02
1.787000000000000000e+03
3.000000000000000000e+00
1.107000000000000000e+03
2.496000000000000000e+03
1.105000000000000000e+03
9.380000000000000000e+02
2.550000000000000000e+03
3.011000000000000000e+03
2.258000000000000000e+03
3.319000000000000000e+03
3.320000000000000000e+03
2.470000000000000000e+03
3.151000000000000000e+03
1.530000000000000000e+03
1.388000000000000000e+03
2.760000000000000000e+02
1.720000000000000000e+02
2.986000000000000000e+03
8.480000000000000000e+02
1.638000000000000000e+03
1.127000000000000000e+03
3.141000000000000000e+03
2.276000000000000000e+03
1.287000000000000000e+03
3.187000000000000000e+03
2.930000000000000000e+02
6.020000000000000000e+02
6.760000000000000000e+02
2.683000000000000000e+03
1.329000000000000000e+03
1.881000000000000000e+03
3.800000000000000000e+02
3.188000000000000000e+03
2.365000000000000000e+03
2.568000000000000000e+03
7.870000000000000000e+02
1.413000000000000000e+03
1.468000000000000000e+03
2.721000000000000000e+03
2.913000000000000000e+03
9.830000000000000000e+02
1.277000000000000000e+03
1.000000000000000000e+02
6.620000000000000000e+02
1.233000000000000000e+03
2.140000000000000000e+02
3.301000000000000000e+03
1.908000000000000000e+03
8.960000000000000000e+02
1.081000000000000000e+03
2.007000000000000000e+03
7.410000000000000000e+02
1.237000000000000000e+03
1.040000000000000000e+02
1.964000000000000000e+03
3.095000000000000000e+03
3.094000000000000000e+03
4.460000000000000000e+02
4.300000000000000000e+02
2.223000000000000000e+03
2.105000000000000000e+03
4.730000000000000000e+02
1.039000000000000000e+03
2.531000000000000000e+03
2.928000000000000000e+03
1.867000000000000000e+03
3.048000000000000000e+03
2.103000000000000000e+03
2.756000000000000000e+03
3.228000000000000000e+03
4.230000000000000000e+02
1.505000000000000000e+03
1.837000000000000000e+03
8.010000000000000000e+02
3.194000000000000000e+03
1.603000000000000000e+03
1.730000000000000000e+03
3.168000000000000000e+03
1.784000000000000000e+03
2.231000000000000000e+03
5.840000000000000000e+02
1.780000000000000000e+03
5.220000000000000000e+02
8.520000000000000000e+02
1.304000000000000000e+03
1.963000000000000000e+03
6.530000000000000000e+02
3.139000000000000000e+03
5.740000000000000000e+02
2.267000000000000000e+03
9.300000000000000000e+01
3.267000000000000000e+03
1.488000000000000000e+03
2.235000000000000000e+03
6.390000000000000000e+02
1.893000000000000000e+03
2.653000000000000000e+03
2.961000000000000000e+03
1.479000000000000000e+03
3.081000000000000000e+03
1.327000000000000000e+03
2.164000000000000000e+03
1.424000000000000000e+03
2.296000000000000000e+03
2.549000000000000000e+03
3.216000000000000000e+03
2.611000000000000000e+03
2.185000000000000000e+03
2.084000000000000000e+03
2.197000000000000000e+03
2.600000000000000000e+01
2.512000000000000000e+03
1.920000000000000000e+03
1.063000000000000000e+03
1.675000000000000000e+03
1.308000000000000000e+03
1.459000000000000000e+03
1.184000000000000000e+03
2.009000000000000000e+03
2.840000000000000000e+02
3.890000000000000000e+02
2.878000000000000000e+03
5.000000000000000000e+01
2.623000000000000000e+03
2.278000000000000000e+03
1.966000000000000000e+03
2.944000000000000000e+03
1.544000000000000000e+03
1.678000000000000000e+03
2.858000000000000000e+03
3.265000000000000000e+03
1.615000000000000000e+03
1.742000000000000000e+03
2.229000000000000000e+03
1.579000000000000000e+03
2.295000000000000000e+03
8.210000000000000000e+02
2.591000000000000000e+03
1.023000000000000000e+03
2.131000000000000000e+03
1.921000000000000000e+03
2.707000000000000000e+03
2.120000000000000000e+03
2.975000000000000000e+03
2.710000000000000000e+03
3.200000000000000000e+02
2.962000000000000000e+03
3.277000000000000000e+03
2.318000000000000000e+03
2.530000000000000000e+02
2.836000000000000000e+03
9.200000000000000000e+01
5.680000000000000000e+02
2.696000000000000000e+03
1.245000000000000000e+03
2.358000000000000000e+03
5.090000000000000000e+02
2.504000000000000000e+03
5.040000000000000000e+02
1.660000000000000000e+03
1.160000000000000000e+02
1.797000000000000000e+03
1.552000000000000000e+03
1.477000000000000000e+03
2.969000000000000000e+03
1.482000000000000000e+03
2.186000000000000000e+03
3.171000000000000000e+03
1.215000000000000000e+03
2.283000000000000000e+03
8.170000000000000000e+02
2.616000000000000000e+03
3.130000000000000000e+02
4.120000000000000000e+02
2.690000000000000000e+03
2.657000000000000000e+03
2.203000000000000000e+03
3.197000000000000000e+03
1.210000000000000000e+03
4.840000000000000000e+02
1.083000000000000000e+03
2.698000000000000000e+03
6.510000000000000000e+02
6.740000000000000000e+02
3.131000000000000000e+03
7.800000000000000000e+02
3.180000000000000000e+03
1.306000000000000000e+03
2.902000000000000000e+03
9.270000000000000000e+02
2.177000000000000000e+03
7.400000000000000000e+02
3.242000000000000000e+03
2.440000000000000000e+02
2.935000000000000000e+03
2.934000000000000000e+03
2.713000000000000000e+03
2.771000000000000000e+03
2.773000000000000000e+03
2.213000000000000000e+03
7.390000000000000000e+02
5.260000000000000000e+02
1.346000000000000000e+03
2.874000000000000000e+03
1.791000000000000000e+03
1.289000000000000000e+03
2.340000000000000000e+02
1.188000000000000000e+03
1.030000000000000000e+02
4.780000000000000000e+02
2.733000000000000000e+03
1.313000000000000000e+03
1.250000000000000000e+03
7.320000000000000000e+02
5.470000000000000000e+02
2.317000000000000000e+03
4.360000000000000000e+02
2.720000000000000000e+02
1.820000000000000000e+03
3.318000000000000000e+03
2.206000000000000000e+03
2.650000000000000000e+02
2.452000000000000000e+03
1.260000000000000000e+02
3.251000000000000000e+03
2.260000000000000000e+02
5.160000000000000000e+02
1.785000000000000000e+03
2.780000000000000000e+03
2.671000000000000000e+03
2.658000000000000000e+03
3.112000000000000000e+03
1.754000000000000000e+03
9.990000000000000000e+02
1.254000000000000000e+03
1.332000000000000000e+03
1.548000000000000000e+03
3.268000000000000000e+03
1.729000000000000000e+03
1.541000000000000000e+03
3.100000000000000000e+03
1.416000000000000000e+03
2.547000000000000000e+03
2.390000000000000000e+02
9.750000000000000000e+02
2.850000000000000000e+03
2.849000000000000000e+03
3.126000000000000000e+03
3.127000000000000000e+03
1.191000000000000000e+03
2.566000000000000000e+03
2.195000000000000000e+03
2.670000000000000000e+03
1.920000000000000000e+02
7.710000000000000000e+02
1.677000000000000000e+03
2.315000000000000000e+03
2.873000000000000000e+03
2.263000000000000000e+03
2.167000000000000000e+03
3.026000000000000000e+03
8.020000000000000000e+02
1.065000000000000000e+03
2.778000000000000000e+03
9.490000000000000000e+02
1.543000000000000000e+03
2.923000000000000000e+03
1.549000000000000000e+03
9.190000000000000000e+02
1.425000000000000000e+03
2.357000000000000000e+03
2.867000000000000000e+03
1.946000000000000000e+03
1.344000000000000000e+03
2.894000000000000000e+03
1.381000000000000000e+03
1.133000000000000000e+03
3.259000000000000000e+03
3.020000000000000000e+03
9.560000000000000000e+02
1.547000000000000000e+03
2.682000000000000000e+03
2.805000000000000000e+03
2.463000000000000000e+03
1.706000000000000000e+03
1.721000000000000000e+03
2.472000000000000000e+03
1.310000000000000000e+03
1.354000000000000000e+03
1.270000000000000000e+03
1.077000000000000000e+03
1.888000000000000000e+03
3.760000000000000000e+02
1.197000000000000000e+03
1.606000000000000000e+03
1.773000000000000000e+03
2.875000000000000000e+03
3.080000000000000000e+03
2.742000000000000000e+03
2.193000000000000000e+03
2.294000000000000000e+03
2.710000000000000000e+02
1.955000000000000000e+03
3.097000000000000000e+03
2.347000000000000000e+03
2.376000000000000000e+03
1.087000000000000000e+03
4.000000000000000000e+02
2.029000000000000000e+03
2.313000000000000000e+03
2.672000000000000000e+03
1.931000000000000000e+03
8.980000000000000000e+02
1.193000000000000000e+03
3.067000000000000000e+03
4.580000000000000000e+02
2.793000000000000000e+03
9.400000000000000000e+01
7.110000000000000000e+02
1.945000000000000000e+03
1.984000000000000000e+03
1.508000000000000000e+03
2.051000000000000000e+03
5.350000000000000000e+02
1.435000000000000000e+03
1.490000000000000000e+02
2.000000000000000000e+01
1.610000000000000000e+03
1.415000000000000000e+03
8.630000000000000000e+02
3.245000000000000000e+03
1.972000000000000000e+03
2.864000000000000000e+03
5.830000000000000000e+02
2.701000000000000000e+03
1.072000000000000000e+03
1.210000000000000000e+02
3.170000000000000000e+02
1.334000000000000000e+03
6.550000000000000000e+02
3.200000000000000000e+01
2.048000000000000000e+03
5.990000000000000000e+02
8.700000000000000000e+02
3.278000000000000000e+03
1.850000000000000000e+02
6.340000000000000000e+02
1.766000000000000000e+03
3.288000000000000000e+03
5.500000000000000000e+02
5.120000000000000000e+02
2.305000000000000000e+03
7.970000000000000000e+02
9.260000000000000000e+02
1.299000000000000000e+03
2.289000000000000000e+03
1.341000000000000000e+03
1.367000000000000000e+03
1.976000000000000000e+03
6.870000000000000000e+02
4.570000000000000000e+02
1.438000000000000000e+03
1.217000000000000000e+03
1.857000000000000000e+03
1.694000000000000000e+03
2.545000000000000000e+03
1.871000000000000000e+03
2.661000000000000000e+03
5.420000000000000000e+02
1.651000000000000000e+03
7.340000000000000000e+02
5.360000000000000000e+02
1.985000000000000000e+03
8.840000000000000000e+02
5.130000000000000000e+02
1.912000000000000000e+03
6.750000000000000000e+02
2.570000000000000000e+03
3.350000000000000000e+02
2.134000000000000000e+03
2.642000000000000000e+03
3.325000000000000000e+03
3.120000000000000000e+02
7.610000000000000000e+02
6.600000000000000000e+02
1.203000000000000000e+03
3.217000000000000000e+03
5.980000000000000000e+02
2.086000000000000000e+03
2.952000000000000000e+03
3.800000000000000000e+01
1.045000000000000000e+03
3.253000000000000000e+03
3.076000000000000000e+03
1.340000000000000000e+03
7.530000000000000000e+02
1.842000000000000000e+03
2.946000000000000000e+03
1.504000000000000000e+03
1.365000000000000000e+03
7.630000000000000000e+02
8.730000000000000000e+02
2.693000000000000000e+03
2.190000000000000000e+03
9.700000000000000000e+02
1.095000000000000000e+03
1.074000000000000000e+03
6.040000000000000000e+02
1.838000000000000000e+03
2.320000000000000000e+02
3.121000000000000000e+03
3.820000000000000000e+02
2.237000000000000000e+03
9.960000000000000000e+02
1.402000000000000000e+03
4.050000000000000000e+02
2.341000000000000000e+03
2.270000000000000000e+02
2.450000000000000000e+03
4.310000000000000000e+02
3.830000000000000000e+02
2.647000000000000000e+03
2.917000000000000000e+03
5.330000000000000000e+02
2.764000000000000000e+03
1.556000000000000000e+03
1.454000000000000000e+03
5.520000000000000000e+02
7.200000000000000000e+02
2.570000000000000000e+02
2.449000000000000000e+03
1.929000000000000000e+03
1.495000000000000000e+03
9.070000000000000000e+02
3.162000000000000000e+03
3.240000000000000000e+02
2.140000000000000000e+03
3.160000000000000000e+03
8.510000000000000000e+02
2.250000000000000000e+02
1.826000000000000000e+03
1.796000000000000000e+03
1.847000000000000000e+03
2.437000000000000000e+03
2.292000000000000000e+03
3.132000000000000000e+03
4.880000000000000000e+02
2.768000000000000000e+03
1.211000000000000000e+03
2.604000000000000000e+03
2.584000000000000000e+03
3.038000000000000000e+03
1.353000000000000000e+03
1.962000000000000000e+03
9.050000000000000000e+02
2.338000000000000000e+03
3.090000000000000000e+02
9.740000000000000000e+02
1.738000000000000000e+03
1.876000000000000000e+03
1.636000000000000000e+03
2.590000000000000000e+02
1.637000000000000000e+03
2.937000000000000000e+03
3.100000000000000000e+02
2.936000000000000000e+03
1.793000000000000000e+03
3.750000000000000000e+02
3.050000000000000000e+03
2.977000000000000000e+03
1.269000000000000000e+03
2.746000000000000000e+03
1.779000000000000000e+03
2.615000000000000000e+03
1.374000000000000000e+03
1.272000000000000000e+03
3.294000000000000000e+03
2.144000000000000000e+03
2.880000000000000000e+02
2.327000000000000000e+03
2.478000000000000000e+03
7.700000000000000000e+01
2.940000000000000000e+02
8.820000000000000000e+02
2.500000000000000000e+02
2.012000000000000000e+03
3.272000000000000000e+03
1.170000000000000000e+02
3.670000000000000000e+02
1.056000000000000000e+03
3.284000000000000000e+03
2.133000000000000000e+03
3.185000000000000000e+03
2.428000000000000000e+03
1.917000000000000000e+03
3.282000000000000000e+03
2.586000000000000000e+03
3.032000000000000000e+03
7.900000000000000000e+02
2.819000000000000000e+03
2.266000000000000000e+03
1.600000000000000000e+02
2.287000000000000000e+03
5.340000000000000000e+02
2.163000000000000000e+03
2.726000000000000000e+03
5.870000000000000000e+02
1.527000000000000000e+03
1.880000000000000000e+03
5.230000000000000000e+02
2.895000000000000000e+03
1.545000000000000000e+03
3.165000000000000000e+03
3.166000000000000000e+03
1.050000000000000000e+02
1.298000000000000000e+03
2.241000000000000000e+03
7.180000000000000000e+02
1.267000000000000000e+03
1.274000000000000000e+03
1.532000000000000000e+03
1.915000000000000000e+03
2.680000000000000000e+03
1.375000000000000000e+03
3.179000000000000000e+03
2.284000000000000000e+03
2.297000000000000000e+03
1.520000000000000000e+03
8.670000000000000000e+02
1.975000000000000000e+03
1.614000000000000000e+03
1.016000000000000000e+03
2.751000000000000000e+03
1.996000000000000000e+03
3.208000000000000000e+03
4.220000000000000000e+02
3.150000000000000000e+03
1.069000000000000000e+03
2.814000000000000000e+03
3.087000000000000000e+03
2.804000000000000000e+03
3.202000000000000000e+03
6.640000000000000000e+02
2.137000000000000000e+03
4.070000000000000000e+02
4.210000000000000000e+02
3.092000000000000000e+03
2.620000000000000000e+03
1.782000000000000000e+03
3.134000000000000000e+03
3.024000000000000000e+03
1.047000000000000000e+03
1.465000000000000000e+03
1.434000000000000000e+03
2.940000000000000000e+03
3.390000000000000000e+02
1.345000000000000000e+03
1.892000000000000000e+03
2.218000000000000000e+03
3.276000000000000000e+03
1.522000000000000000e+03
8.200000000000000000e+02
3.160000000000000000e+02
2.301000000000000000e+03
1.362000000000000000e+03
5.600000000000000000e+02
2.191000000000000000e+03
1.889000000000000000e+03
6.570000000000000000e+02
1.810000000000000000e+03
9.010000000000000000e+02
3.740000000000000000e+02
2.510000000000000000e+03
4.240000000000000000e+02
6.860000000000000000e+02
7.690000000000000000e+02
2.963000000000000000e+03
8.640000000000000000e+02
2.052000000000000000e+03
2.981000000000000000e+03
2.980000000000000000e+03
5.540000000000000000e+02
9.100000000000000000e+01
2.634000000000000000e+03
2.700000000000000000e+03
1.360000000000000000e+03
2.332000000000000000e+03
1.291000000000000000e+03
2.541000000000000000e+03
8.780000000000000000e+02
2.779000000000000000e+03
2.685000000000000000e+03
3.990000000000000000e+02
1.042000000000000000e+03
2.954000000000000000e+03
2.528000000000000000e+03
2.992000000000000000e+03
2.692000000000000000e+03
2.055000000000000000e+03
1.185000000000000000e+03
1.240000000000000000e+03
1.290000000000000000e+02
1.702000000000000000e+03
4.430000000000000000e+02
8.570000000000000000e+02
2.754000000000000000e+03
3.780000000000000000e+02
8.590000000000000000e+02
8.430000000000000000e+02
1.990000000000000000e+02
1.870000000000000000e+02
1.060000000000000000e+03
1.190000000000000000e+02
1.046000000000000000e+03
2.275000000000000000e+03
3.221000000000000000e+03
2.000000000000000000e+03
1.513000000000000000e+03
2.025000000000000000e+03
1.510000000000000000e+03
8.890000000000000000e+02
4.320000000000000000e+02
8.320000000000000000e+02
1.823000000000000000e+03
6.590000000000000000e+02
1.566000000000000000e+03
1.542000000000000000e+03
2.517000000000000000e+03
1.507000000000000000e+03
3.001000000000000000e+03
1.991000000000000000e+03
1.145000000000000000e+03
1.560000000000000000e+02
2.412000000000000000e+03
2.386000000000000000e+03
3.980000000000000000e+02
9.280000000000000000e+02
1.891000000000000000e+03
2.143000000000000000e+03
3.065000000000000000e+03
3.580000000000000000e+02
3.031000000000000000e+03
2.035000000000000000e+03
1.670000000000000000e+02
2.799000000000000000e+03
4.600000000000000000e+01
2.794000000000000000e+03
1.937000000000000000e+03
2.069000000000000000e+03
3.297000000000000000e+03
3.113000000000000000e+03
4.740000000000000000e+02
1.777000000000000000e+03
2.106000000000000000e+03
5.480000000000000000e+02
2.209000000000000000e+03
9.110000000000000000e+02
1.813000000000000000e+03
2.765000000000000000e+03
3.000000000000000000e+02
1.575000000000000000e+03
2.246000000000000000e+03
1.174000000000000000e+03
4.550000000000000000e+02
2.933000000000000000e+03
2.791000000000000000e+03
4.090000000000000000e+02
2.457000000000000000e+03
3.314000000000000000e+03
1.153000000000000000e+03
1.066000000000000000e+03
3.204000000000000000e+03
1.676000000000000000e+03
2.702000000000000000e+03
1.640000000000000000e+02
2.215000000000000000e+03
8.700000000000000000e+01
3.018000000000000000e+03
1.634000000000000000e+03
4.080000000000000000e+02
2.184000000000000000e+03
1.478000000000000000e+03
4.690000000000000000e+02
1.932000000000000000e+03
2.010000000000000000e+03
2.893000000000000000e+03
2.300000000000000000e+03
2.112000000000000000e+03
2.356000000000000000e+03
1.372000000000000000e+03
2.220000000000000000e+02
2.334000000000000000e+03
5.750000000000000000e+02
1.765000000000000000e+03
1.384000000000000000e+03
1.833000000000000000e+03
1.286000000000000000e+03
1.311000000000000000e+03
1.280000000000000000e+02
2.155000000000000000e+03
2.909000000000000000e+03
7.000000000000000000e+00
1.860000000000000000e+03
1.147000000000000000e+03
2.378000000000000000e+03
2.090000000000000000e+02
1.032000000000000000e+03
7.470000000000000000e+02
9.600000000000000000e+02
3.950000000000000000e+02
2.688000000000000000e+03
2.689000000000000000e+03
1.397000000000000000e+03
7.850000000000000000e+02
8.740000000000000000e+02
2.704000000000000000e+03
2.314000000000000000e+03
8.660000000000000000e+02
2.947000000000000000e+03
2.835000000000000000e+03
1.225000000000000000e+03
1.988000000000000000e+03
1.662000000000000000e+03
1.689000000000000000e+03
1.258000000000000000e+03
3.810000000000000000e+02
3.009000000000000000e+03
9.760000000000000000e+02
2.485000000000000000e+03
1.116000000000000000e+03
3.295000000000000000e+03
3.279000000000000000e+03
2.099000000000000000e+03
1.315000000000000000e+03
2.423000000000000000e+03
3.004000000000000000e+03
2.028000000000000000e+03
1.938000000000000000e+03
1.623000000000000000e+03
2.461000000000000000e+03
1.840000000000000000e+03
3.360000000000000000e+02
2.222000000000000000e+03
1.391000000000000000e+03
2.141000000000000000e+03
2.854000000000000000e+03
6.300000000000000000e+01
8.200000000000000000e+01
3.275000000000000000e+03
2.588000000000000000e+03
1.463000000000000000e+03
1.320000000000000000e+02
1.843000000000000000e+03
2.147000000000000000e+03
5.020000000000000000e+02
1.062000000000000000e+03
1.851000000000000000e+03
2.126000000000000000e+03
6.260000000000000000e+02
2.574000000000000000e+03
2.383000000000000000e+03
1.568000000000000000e+03
1.800000000000000000e+01
1.515000000000000000e+03
8.220000000000000000e+02
3.125000000000000000e+03
2.631000000000000000e+03
2.997000000000000000e+03
2.996000000000000000e+03
6.190000000000000000e+02
6.400000000000000000e+02
2.210000000000000000e+02
6.440000000000000000e+02
1.597000000000000000e+03
2.809000000000000000e+03
2.729000000000000000e+03
3.123000000000000000e+03
3.930000000000000000e+02
2.180000000000000000e+02
3.256000000000000000e+03
1.611000000000000000e+03
2.071000000000000000e+03
3.232000000000000000e+03
2.722000000000000000e+03
6.710000000000000000e+02
1.960000000000000000e+03
1.336000000000000000e+03
1.681000000000000000e+03
1.498000000000000000e+03
3.570000000000000000e+02
2.796000000000000000e+03
2.013000000000000000e+03
2.974000000000000000e+03
1.403000000000000000e+03
1.458000000000000000e+03
2.972000000000000000e+03
2.563000000000000000e+03
1.460000000000000000e+03
1.004000000000000000e+03
1.405000000000000000e+03
3.321000000000000000e+03
1.750000000000000000e+03
2.480000000000000000e+02
1.669000000000000000e+03
1.534000000000000000e+03
9.880000000000000000e+02
1.260000000000000000e+03
2.425000000000000000e+03
2.148000000000000000e+03
2.132000000000000000e+03
1.447000000000000000e+03
7.040000000000000000e+02
3.146000000000000000e+03
6.310000000000000000e+02
2.036000000000000000e+03
1.550000000000000000e+03
1.536000000000000000e+03
1.804000000000000000e+03
1.300000000000000000e+03
2.576000000000000000e+03
3.480000000000000000e+02
1.868000000000000000e+03
2.910000000000000000e+03
2.368000000000000000e+03
1.136000000000000000e+03
2.960000000000000000e+03
1.848000000000000000e+03
9.970000000000000000e+02
2.340000000000000000e+03
1.140000000000000000e+02
1.406000000000000000e+03
2.833000000000000000e+03
2.270000000000000000e+03
2.807000000000000000e+03
2.806000000000000000e+03
1.861000000000000000e+03
2.530000000000000000e+03
1.922000000000000000e+03
1.973000000000000000e+03
7.000000000000000000e+01
1.890000000000000000e+03
2.015000000000000000e+03
2.767000000000000000e+03
4.150000000000000000e+02
2.533000000000000000e+03
3.190000000000000000e+03
1.316000000000000000e+03
2.083000000000000000e+03
2.956000000000000000e+03
1.168000000000000000e+03
2.509000000000000000e+03
3.039000000000000000e+03
2.686000000000000000e+03
7.490000000000000000e+02
8.900000000000000000e+01
2.010000000000000000e+02
1.430000000000000000e+03
3.207000000000000000e+03
9.180000000000000000e+02
3.072000000000000000e+03
1.043000000000000000e+03
2.601000000000000000e+03
1.271000000000000000e+03
2.860000000000000000e+02
1.798000000000000000e+03
2.526000000000000000e+03
1.720000000000000000e+03
2.706000000000000000e+03
4.020000000000000000e+02
3.255000000000000000e+03
7.000000000000000000e+02
1.352000000000000000e+03
2.848000000000000000e+03
1.642000000000000000e+03
3.231000000000000000e+03
1.103000000000000000e+03
3.002000000000000000e+03
3.215000000000000000e+03
1.089000000000000000e+03
2.040000000000000000e+02
1.453000000000000000e+03
4.380000000000000000e+02
2.080000000000000000e+03
7.460000000000000000e+02
1.900000000000000000e+03
3.111000000000000000e+03
2.938000000000000000e+03
2.788000000000000000e+03
2.543000000000000000e+03
1.180000000000000000e+02
1.674000000000000000e+03
1.503000000000000000e+03
2.613000000000000000e+03
2.075000000000000000e+03
3.077000000000000000e+03
1.980000000000000000e+02
2.050000000000000000e+02
1.300000000000000000e+01
5.940000000000000000e+02
2.966000000000000000e+03
2.320000000000000000e+03
1.650000000000000000e+03
3.370000000000000000e+02
5.610000000000000000e+02
1.828000000000000000e+03
2.896000000000000000e+03
1.350000000000000000e+02
1.110000000000000000e+02
2.510000000000000000e+02
8.720000000000000000e+02
1.379000000000000000e+03
1.897000000000000000e+03
1.445000000000000000e+03
2.345000000000000000e+03
3.152000000000000000e+03
2.394000000000000000e+03
3.860000000000000000e+02
2.897000000000000000e+03
7.590000000000000000e+02
1.512000000000000000e+03
2.582000000000000000e+03
1.862000000000000000e+03
2.406000000000000000e+03
1.701000000000000000e+03
1.718000000000000000e+03
2.810000000000000000e+03
3.056000000000000000e+03
3.075000000000000000e+03
9.590000000000000000e+02
3.299000000000000000e+03
1.383000000000000000e+03
2.460000000000000000e+03
2.433000000000000000e+03
4.160000000000000000e+02
6.540000000000000000e+02
2.281000000000000000e+03
1.509000000000000000e+03
1.078000000000000000e+03
2.763000000000000000e+03
6.380000000000000000e+02
1.818000000000000000e+03
2.250000000000000000e+03
3.060000000000000000e+02
1.368000000000000000e+03
1.596000000000000000e+03
3.252000000000000000e+03
2.856000000000000000e+03
3.237000000000000000e+03
3.028000000000000000e+03
7.840000000000000000e+02
2.419000000000000000e+03
1.903000000000000000e+03
2.802000000000000000e+03
2.801000000000000000e+03
2.200000000000000000e+01
8.600000000000000000e+01
5.950000000000000000e+02
2.705000000000000000e+03
6.940000000000000000e+02
3.066000000000000000e+03
1.767000000000000000e+03
9.220000000000000000e+02
2.508000000000000000e+03
5.510000000000000000e+02
2.812000000000000000e+03
2.400000000000000000e+02
2.207000000000000000e+03
2.959000000000000000e+03
2.942000000000000000e+03
2.931000000000000000e+03
4.800000000000000000e+02
5.710000000000000000e+02
1.768000000000000000e+03
2.670000000000000000e+02
7.670000000000000000e+02
1.537000000000000000e+03
3.093000000000000000e+03
2.598000000000000000e+03
2.538000000000000000e+03
1.524000000000000000e+03
9.100000000000000000e+02
3.025000000000000000e+03
3.064000000000000000e+03
2.912000000000000000e+03
1.433000000000000000e+03
2.578000000000000000e+03
2.308000000000000000e+03
7.300000000000000000e+02
6.900000000000000000e+02
2.906000000000000000e+03
9.060000000000000000e+02
1.100000000000000000e+02
9.710000000000000000e+02
1.302000000000000000e+03
2.727000000000000000e+03
2.114000000000000000e+03
1.457000000000000000e+03
3.010000000000000000e+02
1.204000000000000000e+03
1.082000000000000000e+03
3.124000000000000000e+03
1.600000000000000000e+03
1.080000000000000000e+03
2.455000000000000000e+03
1.370000000000000000e+03
7.130000000000000000e+02
2.379000000000000000e+03
1.584000000000000000e+03
2.958000000000000000e+03
1.220000000000000000e+02
9.360000000000000000e+02
1.373000000000000000e+03
2.067000000000000000e+03
1.814000000000000000e+03
2.401000000000000000e+03
1.928000000000000000e+03
6.180000000000000000e+02
4.910000000000000000e+02
1.125000000000000000e+03
7.100000000000000000e+02
1.321000000000000000e+03
2.020000000000000000e+03
9.550000000000000000e+02
3.145000000000000000e+03
4.110000000000000000e+02
1.700000000000000000e+03
3.850000000000000000e+02
1.971000000000000000e+03
2.286000000000000000e+03
1.178000000000000000e+03
1.570000000000000000e+02
2.323000000000000000e+03
2.920000000000000000e+02
1.664000000000000000e+03
7.990000000000000000e+02
2.395000000000000000e+03
1.400000000000000000e+03
1.621000000000000000e+03
2.614000000000000000e+03
2.269000000000000000e+03
1.208000000000000000e+03
3.122000000000000000e+03
5.150000000000000000e+02
1.665000000000000000e+03
1.923000000000000000e+03
4.700000000000000000e+01
2.062000000000000000e+03
5.800000000000000000e+01
1.790000000000000000e+02
2.192000000000000000e+03
1.626000000000000000e+03
1.585000000000000000e+03
2.971000000000000000e+03
2.142000000000000000e+03
1.259000000000000000e+03
2.388000000000000000e+03
2.660000000000000000e+02
1.471000000000000000e+03
3.157000000000000000e+03
1.183000000000000000e+03
3.286000000000000000e+03
3.270000000000000000e+02
1.687000000000000000e+03
2.329000000000000000e+03
1.094000000000000000e+03
2.739000000000000000e+03
2.353000000000000000e+03
6.820000000000000000e+02
3.290000000000000000e+02
7.160000000000000000e+02
3.037000000000000000e+03
1.746000000000000000e+03
2.540000000000000000e+02
1.419000000000000000e+03
2.761000000000000000e+03
1.246000000000000000e+03
1.366000000000000000e+03
2.832000000000000000e+03
2.589000000000000000e+03
2.188000000000000000e+03
9.700000000000000000e+01
1.201000000000000000e+03
9.020000000000000000e+02
2.970000000000000000e+02
4.900000000000000000e+02
1.170000000000000000e+03
1.873000000000000000e+03
1.890000000000000000e+02
3.241000000000000000e+03
2.420000000000000000e+03
2.367000000000000000e+03
1.526000000000000000e+03
1.100000000000000000e+03
2.252000000000000000e+03
8.810000000000000000e+02
2.790000000000000000e+03
3.273000000000000000e+03
1.411000000000000000e+03
2.159000000000000000e+03
1.780000000000000000e+02
2.335000000000000000e+03
2.514000000000000000e+03
5.670000000000000000e+02
5.140000000000000000e+02
2.359000000000000000e+03
1.173000000000000000e+03
6.100000000000000000e+02
2.350000000000000000e+03
2.245000000000000000e+03
1.052000000000000000e+03
2.559000000000000000e+03
4.820000000000000000e+02
3.156000000000000000e+03
1.060000000000000000e+02
3.710000000000000000e+02
1.326000000000000000e+03
6.410000000000000000e+02
2.800000000000000000e+03
1.414000000000000000e+03
1.239000000000000000e+03
4.720000000000000000e+02
1.949000000000000000e+03
2.446000000000000000e+03
1.159000000000000000e+03
6.490000000000000000e+02
1.802000000000000000e+03
1.698000000000000000e+03
1.180000000000000000e+03
9.040000000000000000e+02
7.600000000000000000e+01
2.643000000000000000e+03
3.045000000000000000e+03
1.555000000000000000e+03
2.400000000000000000e+03
2.776000000000000000e+03
2.397000000000000000e+03
1.705000000000000000e+03
1.135000000000000000e+03
4.860000000000000000e+02
2.041000000000000000e+03
2.694000000000000000e+03
2.690000000000000000e+02
2.945000000000000000e+03
1.710000000000000000e+03
2.965000000000000000e+03
1.020000000000000000e+02
4.900000000000000000e+01
2.469000000000000000e+03
1.021000000000000000e+03
9.230000000000000000e+02
2.080000000000000000e+02
2.348000000000000000e+03
7.770000000000000000e+02
1.531000000000000000e+03
1.222000000000000000e+03
2.866000000000000000e+03
3.240000000000000000e+03
1.944000000000000000e+03
1.360000000000000000e+02
3.071000000000000000e+03
3.900000000000000000e+02
8.770000000000000000e+02
1.410000000000000000e+03
6.700000000000000000e+02
1.700000000000000000e+02
6.200000000000000000e+02
9.800000000000000000e+01
3.274000000000000000e+03
1.864000000000000000e+03
3.172000000000000000e+03
1.933000000000000000e+03
7.150000000000000000e+02
2.228000000000000000e+03
1.275000000000000000e+03
4.870000000000000000e+02
1.981000000000000000e+03
1.992000000000000000e+03
2.703000000000000000e+03
3.046000000000000000e+03
2.861000000000000000e+03
5.400000000000000000e+02
2.339000000000000000e+03
3.193000000000000000e+03
5.410000000000000000e+02
1.097000000000000000e+03
2.899000000000000000e+03
2.174000000000000000e+03
