1.930000000000000000e+03
1.716000000000000000e+03
2.505000000000000000e+03
5.970000000000000000e+02
3.174000000000000000e+03
1.735000000000000000e+03
1.488000000000000000e+03
2.090000000000000000e+03
2.441000000000000000e+03
3.005000000000000000e+03
6.000000000000000000e+02
1.919000000000000000e+03
2.749000000000000000e+03
1.863000000000000000e+03
4.320000000000000000e+02
3.257000000000000000e+03
3.208000000000000000e+03
1.691000000000000000e+03
1.983000000000000000e+03
1.287000000000000000e+03
1.602000000000000000e+03
3.680000000000000000e+02
1.086000000000000000e+03
2.034000000000000000e+03
1.590000000000000000e+02
1.656000000000000000e+03
1.993000000000000000e+03
1.169000000000000000e+03
2.184000000000000000e+03
2.430000000000000000e+03
7.140000000000000000e+02
1.968000000000000000e+03
7.480000000000000000e+02
1.277000000000000000e+03
3.012000000000000000e+03
6.230000000000000000e+02
8.820000000000000000e+02
8.330000000000000000e+02
2.929000000000000000e+03
1.820000000000000000e+02
7.430000000000000000e+02
6.200000000000000000e+01
3.084000000000000000e+03
3.120000000000000000e+03
1.797000000000000000e+03
8.110000000000000000e+02
3.293000000000000000e+03
8.700000000000000000e+02
2.043000000000000000e+03
1.817000000000000000e+03
2.197000000000000000e+03
2.084000000000000000e+03
1.020000000000000000e+03
3.284000000000000000e+03
4.620000000000000000e+02
1.280000000000000000e+03
1.113000000000000000e+03
3.211000000000000000e+03
5.080000000000000000e+02
3.248000000000000000e+03
2.260000000000000000e+02
2.450000000000000000e+03
5.160000000000000000e+02
1.788000000000000000e+03
1.562000000000000000e+03
7.740000000000000000e+02
4.190000000000000000e+02
3.318000000000000000e+03
7.260000000000000000e+02
1.221000000000000000e+03
2.343000000000000000e+03
1.855000000000000000e+03
1.615000000000000000e+03
2.169000000000000000e+03
1.063000000000000000e+03
1.675000000000000000e+03
2.913000000000000000e+03
1.151000000000000000e+03
6.520000000000000000e+02
5.360000000000000000e+02
2.177000000000000000e+03
4.940000000000000000e+02
2.550000000000000000e+03
2.186000000000000000e+03
3.217000000000000000e+03
1.945000000000000000e+03
1.128000000000000000e+03
1.332000000000000000e+03
5.690000000000000000e+02
1.174000000000000000e+03
1.077000000000000000e+03
1.604000000000000000e+03
1.737000000000000000e+03
9.330000000000000000e+02
2.103000000000000000e+03
6.560000000000000000e+02
6.650000000000000000e+02
3.560000000000000000e+02
8.800000000000000000e+01
2.216000000000000000e+03
2.320000000000000000e+02
1.686000000000000000e+03
2.160000000000000000e+03
7.220000000000000000e+02
2.713000000000000000e+03
2.094000000000000000e+03
1.265000000000000000e+03
6.000000000000000000e+00
2.887000000000000000e+03
3.460000000000000000e+02
4.400000000000000000e+01
3.271000000000000000e+03
2.120000000000000000e+03
1.107000000000000000e+03
2.496000000000000000e+03
2.910000000000000000e+03
1.254000000000000000e+03
1.663000000000000000e+03
2.344000000000000000e+03
1.164000000000000000e+03
1.988000000000000000e+03
2.283000000000000000e+03
3.195000000000000000e+03
1.387000000000000000e+03
1.854000000000000000e+03
1.820000000000000000e+03
9.910000000000000000e+02
1.196000000000000000e+03
1.390000000000000000e+02
9.490000000000000000e+02
6.760000000000000000e+02
2.231000000000000000e+03
1.784000000000000000e+03
3.580000000000000000e+02
1.638000000000000000e+03
1.952000000000000000e+03
1.110000000000000000e+03
2.885000000000000000e+03
2.454000000000000000e+03
8.000000000000000000e+01
2.871000000000000000e+03
1.001000000000000000e+03
1.891000000000000000e+03
4.010000000000000000e+02
1.233000000000000000e+03
1.710000000000000000e+02
4.250000000000000000e+02
4.890000000000000000e+02
7.070000000000000000e+02
2.548000000000000000e+03
4.790000000000000000e+02
4.700000000000000000e+02
2.306000000000000000e+03
2.258000000000000000e+03
4.580000000000000000e+02
5.470000000000000000e+02
6.800000000000000000e+01
2.105000000000000000e+03
2.099000000000000000e+03
2.167000000000000000e+03
3.155000000000000000e+03
9.200000000000000000e+01
1.073000000000000000e+03
2.100000000000000000e+01
3.250000000000000000e+02
3.277000000000000000e+03
8.300000000000000000e+02
2.065000000000000000e+03
2.513000000000000000e+03
2.814000000000000000e+03
9.700000000000000000e+02
2.472000000000000000e+03
1.108000000000000000e+03
1.039000000000000000e+03
2.531000000000000000e+03
2.464000000000000000e+03
9.710000000000000000e+02
2.491000000000000000e+03
2.961000000000000000e+03
1.390000000000000000e+03
1.800000000000000000e+01
6.530000000000000000e+02
1.516000000000000000e+03
2.138000000000000000e+03
6.740000000000000000e+02
2.276000000000000000e+03
2.883000000000000000e+03
2.894000000000000000e+03
5.840000000000000000e+02
9.210000000000000000e+02
9.740000000000000000e+02
3.790000000000000000e+02
1.446000000000000000e+03
3.139000000000000000e+03
2.590000000000000000e+03
1.976000000000000000e+03
6.540000000000000000e+02
1.950000000000000000e+03
3.231000000000000000e+03
2.295000000000000000e+03
1.926000000000000000e+03
5.120000000000000000e+02
3.299000000000000000e+03
1.383000000000000000e+03
2.143000000000000000e+03
1.116000000000000000e+03
4.120000000000000000e+02
2.562000000000000000e+03
2.437000000000000000e+03
1.438000000000000000e+03
4.570000000000000000e+02
2.560000000000000000e+03
3.370000000000000000e+02
1.650000000000000000e+03
3.380000000000000000e+02
2.225000000000000000e+03
2.278000000000000000e+03
2.031000000000000000e+03
3.069000000000000000e+03
7.710000000000000000e+02
3.540000000000000000e+02
2.391000000000000000e+03
2.963000000000000000e+03
1.474000000000000000e+03
5.780000000000000000e+02
3.216000000000000000e+03
3.188000000000000000e+03
3.800000000000000000e+02
4.840000000000000000e+02
1.210000000000000000e+03
2.208000000000000000e+03
1.842000000000000000e+03
1.688000000000000000e+03
3.162000000000000000e+03
8.170000000000000000e+02
2.616000000000000000e+03
2.210000000000000000e+03
2.850000000000000000e+02
2.778000000000000000e+03
2.657000000000000000e+03
3.001000000000000000e+03
1.507000000000000000e+03
2.948000000000000000e+03
2.296000000000000000e+03
2.020000000000000000e+03
1.000000000000000000e+02
1.225000000000000000e+03
2.683000000000000000e+03
1.258000000000000000e+03
1.689000000000000000e+03
2.012000000000000000e+03
7.010000000000000000e+02
2.772000000000000000e+03
1.932000000000000000e+03
2.470000000000000000e+03
1.744000000000000000e+03
4.470000000000000000e+02
1.354000000000000000e+03
1.921000000000000000e+03
2.440000000000000000e+03
7.820000000000000000e+02
2.134000000000000000e+03
6.050000000000000000e+02
2.223000000000000000e+03
6.780000000000000000e+02
4.780000000000000000e+02
1.496000000000000000e+03
2.270000000000000000e+03
3.112000000000000000e+03
3.305000000000000000e+03
8.850000000000000000e+02
2.059000000000000000e+03
1.165000000000000000e+03
1.619000000000000000e+03
2.830000000000000000e+02
2.940000000000000000e+02
3.011000000000000000e+03
1.678000000000000000e+03
3.206000000000000000e+03
2.721000000000000000e+03
5.640000000000000000e+02
1.649000000000000000e+03
4.460000000000000000e+02
7.540000000000000000e+02
1.857000000000000000e+03
3.224000000000000000e+03
3.170000000000000000e+02
3.970000000000000000e+02
4.980000000000000000e+02
1.401000000000000000e+03
3.109000000000000000e+03
1.747000000000000000e+03
2.121000000000000000e+03
1.335000000000000000e+03
9.380000000000000000e+02
3.251000000000000000e+03
1.270000000000000000e+03
8.320000000000000000e+02
2.000000000000000000e+00
2.337000000000000000e+03
1.667000000000000000e+03
1.847000000000000000e+03
5.500000000000000000e+02
2.218000000000000000e+03
1.363000000000000000e+03
1.285000000000000000e+03
8.020000000000000000e+02
2.376000000000000000e+03
2.263000000000000000e+03
1.184000000000000000e+03
3.114000000000000000e+03
2.070000000000000000e+03
2.699000000000000000e+03
9.770000000000000000e+02
5.960000000000000000e+02
3.191000000000000000e+03
1.677000000000000000e+03
2.661000000000000000e+03
1.574000000000000000e+03
1.846000000000000000e+03
3.194000000000000000e+03
3.202000000000000000e+03
1.888000000000000000e+03
2.539000000000000000e+03
6.860000000000000000e+02
2.553000000000000000e+03
1.660000000000000000e+03
2.232000000000000000e+03
3.400000000000000000e+02
3.039000000000000000e+03
4.880000000000000000e+02
3.026000000000000000e+03
6.150000000000000000e+02
2.294000000000000000e+03
2.875000000000000000e+03
1.873000000000000000e+03
1.103000000000000000e+03
1.912000000000000000e+03
5.040000000000000000e+02
4.730000000000000000e+02
2.845000000000000000e+03
7.180000000000000000e+02
2.241000000000000000e+03
2.623000000000000000e+03
1.813000000000000000e+03
2.979000000000000000e+03
1.694000000000000000e+03
7.800000000000000000e+01
5.870000000000000000e+02
3.570000000000000000e+02
2.199000000000000000e+03
2.629000000000000000e+03
2.150000000000000000e+02
1.388000000000000000e+03
6.380000000000000000e+02
2.640000000000000000e+03
5.930000000000000000e+02
4.210000000000000000e+02
3.165000000000000000e+03
3.166000000000000000e+03
8.730000000000000000e+02
2.693000000000000000e+03
3.048000000000000000e+03
2.191000000000000000e+03
5.600000000000000000e+02
1.037000000000000000e+03
3.018000000000000000e+03
3.002000000000000000e+03
1.505000000000000000e+03
1.083000000000000000e+03
1.477000000000000000e+03
3.113000000000000000e+03
1.176000000000000000e+03
3.190000000000000000e+02
1.595000000000000000e+03
1.421000000000000000e+03
4.330000000000000000e+02
2.008000000000000000e+03
2.085000000000000000e+03
1.998000000000000000e+03
1.763000000000000000e+03
1.535000000000000000e+03
2.066000000000000000e+03
2.275000000000000000e+03
2.692000000000000000e+03
1.946000000000000000e+03
5.750000000000000000e+02
2.140000000000000000e+02
3.132000000000000000e+03
1.765000000000000000e+03
2.654000000000000000e+03
7.900000000000000000e+02
2.202000000000000000e+03
2.549000000000000000e+03
1.386000000000000000e+03
9.270000000000000000e+02
2.681000000000000000e+03
2.029000000000000000e+03
3.170000000000000000e+03
1.147000000000000000e+03
3.210000000000000000e+03
3.131000000000000000e+03
1.370000000000000000e+03
1.999000000000000000e+03
2.212000000000000000e+03
4.310000000000000000e+02
1.530000000000000000e+03
3.187000000000000000e+03
2.620000000000000000e+03
1.920000000000000000e+02
2.340000000000000000e+02
7.590000000000000000e+02
1.512000000000000000e+03
2.440000000000000000e+02
3.232000000000000000e+03
3.265000000000000000e+03
5.420000000000000000e+02
1.870000000000000000e+02
1.990000000000000000e+02
2.975000000000000000e+03
8.880000000000000000e+02
1.714000000000000000e+03
2.836000000000000000e+03
2.024000000000000000e+03
2.810000000000000000e+03
1.498000000000000000e+03
3.086000000000000000e+03
3.060000000000000000e+02
1.368000000000000000e+03
1.869000000000000000e+03
3.007000000000000000e+03
6.340000000000000000e+02
2.524000000000000000e+03
3.065000000000000000e+03
2.880000000000000000e+02
4.290000000000000000e+02
9.430000000000000000e+02
3.760000000000000000e+02
2.547000000000000000e+03
2.809000000000000000e+03
1.158000000000000000e+03
1.301000000000000000e+03
2.902000000000000000e+03
5.680000000000000000e+02
2.347000000000000000e+03
2.025000000000000000e+03
2.350000000000000000e+03
3.000000000000000000e+00
2.301000000000000000e+03
2.310000000000000000e+03
5.220000000000000000e+02
4.230000000000000000e+02
1.870000000000000000e+03
3.275000000000000000e+03
1.533000000000000000e+03
2.246000000000000000e+03
3.157000000000000000e+03
2.292000000000000000e+03
1.544000000000000000e+03
1.280000000000000000e+02
7.700000000000000000e+01
1.065000000000000000e+03
1.168000000000000000e+03
4.400000000000000000e+02
1.819000000000000000e+03
2.977000000000000000e+03
3.197000000000000000e+03
1.611000000000000000e+03
2.071000000000000000e+03
5.290000000000000000e+02
1.958000000000000000e+03
2.146000000000000000e+03
2.500000000000000000e+03
1.620000000000000000e+02
1.698000000000000000e+03
9.590000000000000000e+02
3.075000000000000000e+03
1.204000000000000000e+03
3.010000000000000000e+02
6.750000000000000000e+02
3.780000000000000000e+02
1.599000000000000000e+03
6.020000000000000000e+02
2.442000000000000000e+03
1.272000000000000000e+03
7.000000000000000000e+02
1.360000000000000000e+03
1.490000000000000000e+03
2.903000000000000000e+03
1.613000000000000000e+03
4.650000000000000000e+02
2.763000000000000000e+03
9.100000000000000000e+01
3.276000000000000000e+03
2.305000000000000000e+03
7.970000000000000000e+02
4.300000000000000000e+02
1.334000000000000000e+03
2.819000000000000000e+03
3.168000000000000000e+03
1.684000000000000000e+03
1.660000000000000000e+02
2.270000000000000000e+02
2.634000000000000000e+03
3.296000000000000000e+03
1.917000000000000000e+03
3.282000000000000000e+03
1.435000000000000000e+03
3.220000000000000000e+03
2.148000000000000000e+03
3.830000000000000000e+02
4.000000000000000000e+01
2.512000000000000000e+03
2.967000000000000000e+03
5.520000000000000000e+02
6.620000000000000000e+02
5.260000000000000000e+02
1.171000000000000000e+03
8.610000000000000000e+02
1.860000000000000000e+03
2.318000000000000000e+03
1.075000000000000000e+03
2.262000000000000000e+03
2.773000000000000000e+03
1.729000000000000000e+03
1.032000000000000000e+03
2.176000000000000000e+03
2.895000000000000000e+03
1.237000000000000000e+03
2.035000000000000000e+03
2.746000000000000000e+03
6.930000000000000000e+02
1.672000000000000000e+03
1.690000000000000000e+03
7.470000000000000000e+02
9.600000000000000000e+02
2.658000000000000000e+03
3.890000000000000000e+02
3.278000000000000000e+03
1.850000000000000000e+02
2.429000000000000000e+03
1.195000000000000000e+03
1.823000000000000000e+03
3.035000000000000000e+03
2.352000000000000000e+03
1.384000000000000000e+03
9.870000000000000000e+02
2.874000000000000000e+03
1.350000000000000000e+03
4.550000000000000000e+02
1.439000000000000000e+03
2.952000000000000000e+03
1.191000000000000000e+03
1.640000000000000000e+02
2.672000000000000000e+03
2.055000000000000000e+03
1.774000000000000000e+03
5.540000000000000000e+02
3.221000000000000000e+03
1.791000000000000000e+03
3.294000000000000000e+03
2.165000000000000000e+03
1.352000000000000000e+03
1.262000000000000000e+03
1.228000000000000000e+03
1.317000000000000000e+03
9.100000000000000000e+02
7.650000000000000000e+02
1.311000000000000000e+03
3.171000000000000000e+03
2.240000000000000000e+02
6.570000000000000000e+02
2.783000000000000000e+03
1.150000000000000000e+03
1.890000000000000000e+02
3.960000000000000000e+02
3.288000000000000000e+03
1.074000000000000000e+03
1.095000000000000000e+03
2.608000000000000000e+03
3.073000000000000000e+03
1.181000000000000000e+03
3.316000000000000000e+03
1.042000000000000000e+03
2.132000000000000000e+03
7.410000000000000000e+02
2.696000000000000000e+03
2.412000000000000000e+03
3.182000000000000000e+03
3.860000000000000000e+02
2.840000000000000000e+02
2.009000000000000000e+03
1.929000000000000000e+03
1.495000000000000000e+03
2.238000000000000000e+03
1.329000000000000000e+03
2.144000000000000000e+03
1.190000000000000000e+02
2.958000000000000000e+03
2.106000000000000000e+03
2.940000000000000000e+03
3.930000000000000000e+02
1.406000000000000000e+03
2.149000000000000000e+03
1.577000000000000000e+03
3.253000000000000000e+03
1.045000000000000000e+03
1.310000000000000000e+03
1.027000000000000000e+03
2.413000000000000000e+03
3.134000000000000000e+03
2.439000000000000000e+03
2.542000000000000000e+03
2.969000000000000000e+03
2.609000000000000000e+03
2.944000000000000000e+03
2.125000000000000000e+03
3.094000000000000000e+03
3.095000000000000000e+03
2.541000000000000000e+03
2.928000000000000000e+03
6.550000000000000000e+02
2.793000000000000000e+03
9.400000000000000000e+01
2.091000000000000000e+03
2.710000000000000000e+02
2.057000000000000000e+03
2.567000000000000000e+03
3.800000000000000000e+01
1.322000000000000000e+03
8.590000000000000000e+02
3.200000000000000000e+01
2.923000000000000000e+03
2.230000000000000000e+02
1.635000000000000000e+03
1.545000000000000000e+03
1.281000000000000000e+03
3.076000000000000000e+03
4.440000000000000000e+02
4.050000000000000000e+02
1.231000000000000000e+03
1.880000000000000000e+03
3.160000000000000000e+02
1.403000000000000000e+03
9.510000000000000000e+02
5.140000000000000000e+02
3.600000000000000000e+02
2.180000000000000000e+03
6.100000000000000000e+02
2.083000000000000000e+03
1.087000000000000000e+03
1.289000000000000000e+03
7.790000000000000000e+02
1.504000000000000000e+03
1.365000000000000000e+03
2.047000000000000000e+03
1.120000000000000000e+03
8.600000000000000000e+01
1.637000000000000000e+03
2.590000000000000000e+02
2.805000000000000000e+03
1.779000000000000000e+03
1.024000000000000000e+03
8.340000000000000000e+02
1.904000000000000000e+03
1.245000000000000000e+03
7.870000000000000000e+02
1.413000000000000000e+03
1.692000000000000000e+03
2.242000000000000000e+03
2.333000000000000000e+03
3.281000000000000000e+03
7.400000000000000000e+02
1.799000000000000000e+03
1.274000000000000000e+03
2.733000000000000000e+03
8.900000000000000000e+01
3.130000000000000000e+02
3.022000000000000000e+03
7.610000000000000000e+02
1.465000000000000000e+03
4.510000000000000000e+02
1.985000000000000000e+03
3.222000000000000000e+03
1.831000000000000000e+03
2.370000000000000000e+03
2.764000000000000000e+03
2.086000000000000000e+03
7.760000000000000000e+02
2.631000000000000000e+03
3.245000000000000000e+03
1.972000000000000000e+03
2.624000000000000000e+03
2.726000000000000000e+03
2.939000000000000000e+03
1.610000000000000000e+03
7.850000000000000000e+02
1.397000000000000000e+03
1.851000000000000000e+03
2.780000000000000000e+03
3.014000000000000000e+03
1.440000000000000000e+02
3.000000000000000000e+03
5.860000000000000000e+02
2.931000000000000000e+03
1.458000000000000000e+03
2.972000000000000000e+03
6.870000000000000000e+02
1.759000000000000000e+03
2.792000000000000000e+03
1.892000000000000000e+03
1.345000000000000000e+03
2.485000000000000000e+03
2.825000000000000000e+03
2.112000000000000000e+03
3.770000000000000000e+02
1.490000000000000000e+02
3.207000000000000000e+03
2.203000000000000000e+03
1.270000000000000000e+02
1.416000000000000000e+03
7.020000000000000000e+02
2.400000000000000000e+02
1.480000000000000000e+03
1.089000000000000000e+03
2.017000000000000000e+03
4.800000000000000000e+02
5.710000000000000000e+02
9.670000000000000000e+02
4.750000000000000000e+02
2.530000000000000000e+02
6.450000000000000000e+02
3.315000000000000000e+03
1.072000000000000000e+03
5.850000000000000000e+02
1.984000000000000000e+03
1.786000000000000000e+03
5.700000000000000000e+02
1.511000000000000000e+03
2.502000000000000000e+03
2.452000000000000000e+03
2.650000000000000000e+02
2.821000000000000000e+03
2.116000000000000000e+03
4.480000000000000000e+02
4.070000000000000000e+02
1.215000000000000000e+03
1.690000000000000000e+02
1.078000000000000000e+03
9.300000000000000000e+01
1.520000000000000000e+02
1.138000000000000000e+03
3.000000000000000000e+02
2.671000000000000000e+03
2.374000000000000000e+03
1.721000000000000000e+03
8.160000000000000000e+02
2.324000000000000000e+03
1.966000000000000000e+03
1.325000000000000000e+03
1.760000000000000000e+03
3.101000000000000000e+03
2.415000000000000000e+03
1.359000000000000000e+03
1.308000000000000000e+03
7.800000000000000000e+02
7.840000000000000000e+02
1.357000000000000000e+03
1.751000000000000000e+03
1.928000000000000000e+03
4.690000000000000000e+02
1.478000000000000000e+03
5.900000000000000000e+01
1.400000000000000000e+03
2.735000000000000000e+03
1.895000000000000000e+03
3.090000000000000000e+02
1.096000000000000000e+03
1.916000000000000000e+03
1.780000000000000000e+02
2.028000000000000000e+03
1.513000000000000000e+03
1.346000000000000000e+03
1.971000000000000000e+03
3.167000000000000000e+03
7.350000000000000000e+02
2.380000000000000000e+02
1.291000000000000000e+03
2.775000000000000000e+03
1.050000000000000000e+02
9.070000000000000000e+02
3.146000000000000000e+03
3.266000000000000000e+03
2.754000000000000000e+03
2.583000000000000000e+03
2.102000000000000000e+03
6.440000000000000000e+02
2.766000000000000000e+03
1.454000000000000000e+03
1.425000000000000000e+03
9.190000000000000000e+02
2.140000000000000000e+03
1.015000000000000000e+03
2.737000000000000000e+03
2.417000000000000000e+03
1.590000000000000000e+03
2.010000000000000000e+03
2.833000000000000000e+03
2.155000000000000000e+03
2.598000000000000000e+03
3.125000000000000000e+03
9.010000000000000000e+02
1.810000000000000000e+03
1.082000000000000000e+03
1.662000000000000000e+03
7.910000000000000000e+02
1.232000000000000000e+03
2.864000000000000000e+03
1.642000000000000000e+03
2.526000000000000000e+03
1.798000000000000000e+03
1.047000000000000000e+03
2.222000000000000000e+03
7.570000000000000000e+02
1.373000000000000000e+03
1.659000000000000000e+03
2.649000000000000000e+03
1.140000000000000000e+02
2.700000000000000000e+03
1.825000000000000000e+03
1.030000000000000000e+02
2.865000000000000000e+03
4.410000000000000000e+02
3.024000000000000000e+03
1.720000000000000000e+02
2.479000000000000000e+03
8.660000000000000000e+02
1.560000000000000000e+02
5.980000000000000000e+02
2.334000000000000000e+03
4.240000000000000000e+02
2.926000000000000000e+03
1.664000000000000000e+03
9.140000000000000000e+02
1.794000000000000000e+03
9.400000000000000000e+02
2.401000000000000000e+03
3.122000000000000000e+03
2.835000000000000000e+03
8.600000000000000000e+02
2.410000000000000000e+03
2.185000000000000000e+03
2.354000000000000000e+03
1.492000000000000000e+03
1.240000000000000000e+02
1.752000000000000000e+03
3.074000000000000000e+03
1.407000000000000000e+03
8.200000000000000000e+02
3.255000000000000000e+03
2.543000000000000000e+03
1.549000000000000000e+03
4.340000000000000000e+02
1.299000000000000000e+03
2.670000000000000000e+02
2.211000000000000000e+03
2.538000000000000000e+03
2.605000000000000000e+03
6.110000000000000000e+02
1.130000000000000000e+02
4.590000000000000000e+02
6.270000000000000000e+02
1.298000000000000000e+03
2.720000000000000000e+02
8.700000000000000000e+01
2.215000000000000000e+03
1.743000000000000000e+03
2.600000000000000000e+01
1.543000000000000000e+03
1.814000000000000000e+03
9.930000000000000000e+02
8.430000000000000000e+02
1.218000000000000000e+03
3.068000000000000000e+03
2.565000000000000000e+03
1.897000000000000000e+03
1.893000000000000000e+03
6.390000000000000000e+02
3.233000000000000000e+03
1.564000000000000000e+03
6.400000000000000000e+02
2.568000000000000000e+03
1.211000000000000000e+03
9.110000000000000000e+02
1.279000000000000000e+03
2.257000000000000000e+03
1.837000000000000000e+03
1.634000000000000000e+03
2.685000000000000000e+03
2.930000000000000000e+02
3.089000000000000000e+03
0.000000000000000000e+00
2.250000000000000000e+03
3.120000000000000000e+02
2.463000000000000000e+03
2.937000000000000000e+03
3.100000000000000000e+02
2.936000000000000000e+03
3.124000000000000000e+03
2.357000000000000000e+03
5.510000000000000000e+02
2.897000000000000000e+03
1.931000000000000000e+03
8.980000000000000000e+02
3.390000000000000000e+02
7.890000000000000000e+02
1.193000000000000000e+03
2.639000000000000000e+03
2.386000000000000000e+03
4.020000000000000000e+02
5.000000000000000000e+01
2.372000000000000000e+03
2.954000000000000000e+03
2.586000000000000000e+03
1.479000000000000000e+03
1.056000000000000000e+03
2.297000000000000000e+03
2.284000000000000000e+03
2.607000000000000000e+03
2.204000000000000000e+03
2.642000000000000000e+03
6.350000000000000000e+02
1.054000000000000000e+03
8.510000000000000000e+02
2.313000000000000000e+03
1.522000000000000000e+03
1.353000000000000000e+03
3.004000000000000000e+03
1.915000000000000000e+03
1.532000000000000000e+03
2.521000000000000000e+03
1.500000000000000000e+01
1.777000000000000000e+03
2.832000000000000000e+03
1.081000000000000000e+03
8.960000000000000000e+02
2.689000000000000000e+03
2.688000000000000000e+03
5.500000000000000000e+01
1.514000000000000000e+03
1.844000000000000000e+03
9.260000000000000000e+02
2.000000000000000000e+02
2.917000000000000000e+03
2.200000000000000000e+01
1.333000000000000000e+03
2.510000000000000000e+02
1.110000000000000000e+02
3.009000000000000000e+03
1.036000000000000000e+03
1.603000000000000000e+03
1.641000000000000000e+03
4.920000000000000000e+02
3.038000000000000000e+03
9.800000000000000000e+02
2.007000000000000000e+03
2.171000000000000000e+03
1.957000000000000000e+03
2.336000000000000000e+03
1.497000000000000000e+03
2.545000000000000000e+03
1.340000000000000000e+03
1.229000000000000000e+03
3.098000000000000000e+03
2.504000000000000000e+03
1.405000000000000000e+03
2.509000000000000000e+03
2.765000000000000000e+03
1.826000000000000000e+03
1.542000000000000000e+03
2.015000000000000000e+03
4.660000000000000000e+02
1.738000000000000000e+03
2.483000000000000000e+03
1.740000000000000000e+03
2.800000000000000000e+03
2.528000000000000000e+03
9.220000000000000000e+02
2.003000000000000000e+03
2.133000000000000000e+03
3.150000000000000000e+03
1.043000000000000000e+03
1.183000000000000000e+03
1.066000000000000000e+03
3.204000000000000000e+03
1.937000000000000000e+03
2.069000000000000000e+03
2.577000000000000000e+03
1.849000000000000000e+03
9.850000000000000000e+02
2.563000000000000000e+03
3.190000000000000000e+03
2.493000000000000000e+03
7.040000000000000000e+02
9.090000000000000000e+02
2.268000000000000000e+03
1.997000000000000000e+03
2.514000000000000000e+03
1.459000000000000000e+03
1.618000000000000000e+03
2.614000000000000000e+03
2.938000000000000000e+03
2.788000000000000000e+03
2.488000000000000000e+03
3.820000000000000000e+02
8.840000000000000000e+02
2.856000000000000000e+03
1.687000000000000000e+03
7.630000000000000000e+02
3.215000000000000000e+03
2.804000000000000000e+03
1.120000000000000000e+02
1.460000000000000000e+02
1.400000000000000000e+01
3.258000000000000000e+03
6.360000000000000000e+02
3.313000000000000000e+03
1.974000000000000000e+03
2.327000000000000000e+03
2.151000000000000000e+03
1.008000000000000000e+03
1.466000000000000000e+03
3.740000000000000000e+02
2.266000000000000000e+03
7.160000000000000000e+02
2.670000000000000000e+03
5.920000000000000000e+02
9.830000000000000000e+02
2.781000000000000000e+03
2.953000000000000000e+03
2.946000000000000000e+03
1.612000000000000000e+03
2.307000000000000000e+03
9.780000000000000000e+02
2.036000000000000000e+03
1.550000000000000000e+03
1.250000000000000000e+03
7.320000000000000000e+02
1.670000000000000000e+02
1.848000000000000000e+03
2.500000000000000000e+02
1.250000000000000000e+02
1.433000000000000000e+03
2.280000000000000000e+03
1.080000000000000000e+03
2.771000000000000000e+03
9.990000000000000000e+02
1.754000000000000000e+03
1.986000000000000000e+03
3.020000000000000000e+02
3.241000000000000000e+03
1.867000000000000000e+03
2.769000000000000000e+03
2.190000000000000000e+03
1.031000000000000000e+03
3.256000000000000000e+03
2.896000000000000000e+03
5.130000000000000000e+02
1.965000000000000000e+03
2.950000000000000000e+02
3.050000000000000000e+03
3.152000000000000000e+03
3.350000000000000000e+02
3.032000000000000000e+03
2.784000000000000000e+03
1.160000000000000000e+02
1.706000000000000000e+03
1.220000000000000000e+02
2.959000000000000000e+03
6.940000000000000000e+02
7.060000000000000000e+02
3.092000000000000000e+03
2.050000000000000000e+02
8.580000000000000000e+02
1.180000000000000000e+02
2.508000000000000000e+03
1.780000000000000000e+03
1.046000000000000000e+03
3.272000000000000000e+03
2.252000000000000000e+03
3.252000000000000000e+03
1.596000000000000000e+03
8.360000000000000000e+02
1.519000000000000000e+03
2.182000000000000000e+03
1.579000000000000000e+03
2.233000000000000000e+03
2.520000000000000000e+03
5.150000000000000000e+02
2.345000000000000000e+03
8.740000000000000000e+02
9.060000000000000000e+02
2.388000000000000000e+03
2.206000000000000000e+03
2.867000000000000000e+03
3.119000000000000000e+03
7.700000000000000000e+02
6.690000000000000000e+02
1.962000000000000000e+03
3.077000000000000000e+03
2.075000000000000000e+03
1.580000000000000000e+03
2.368000000000000000e+03
2.890000000000000000e+02
2.013000000000000000e+03
1.379000000000000000e+03
2.033000000000000000e+03
1.071000000000000000e+03
2.822000000000000000e+03
3.118000000000000000e+03
7.250000000000000000e+02
9.410000000000000000e+02
1.238000000000000000e+03
2.062000000000000000e+03
2.323000000000000000e+03
2.663000000000000000e+03
7.530000000000000000e+02
1.381000000000000000e+03
2.234000000000000000e+03
1.157000000000000000e+03
2.812000000000000000e+03
1.647000000000000000e+03
7.460000000000000000e+02
2.886000000000000000e+03
3.123000000000000000e+03
2.522000000000000000e+03
4.150000000000000000e+02
2.533000000000000000e+03
1.468000000000000000e+03
7.730000000000000000e+02
1.136000000000000000e+03
3.180000000000000000e+03
1.306000000000000000e+03
1.069000000000000000e+03
2.698000000000000000e+03
2.761000000000000000e+03
2.021000000000000000e+03
1.434000000000000000e+03
1.430000000000000000e+03
3.087000000000000000e+03
2.802000000000000000e+03
2.801000000000000000e+03
8.220000000000000000e+02
1.273000000000000000e+03
1.260000000000000000e+02
1.219000000000000000e+03
2.800000000000000000e+02
4.220000000000000000e+02
2.358000000000000000e+03
1.134000000000000000e+03
2.403000000000000000e+03
1.106000000000000000e+03
2.718000000000000000e+03
2.742000000000000000e+03
2.193000000000000000e+03
2.192000000000000000e+03
2.425000000000000000e+03
1.970000000000000000e+02
1.135000000000000000e+03
1.150000000000000000e+02
1.052000000000000000e+03
4.600000000000000000e+01
2.329000000000000000e+03
8.640000000000000000e+02
5.480000000000000000e+02
2.061000000000000000e+03
4.080000000000000000e+02
3.064000000000000000e+03
1.975000000000000000e+03
1.614000000000000000e+03
2.110000000000000000e+03
1.773000000000000000e+03
2.163000000000000000e+03
5.200000000000000000e+01
1.566000000000000000e+03
3.020000000000000000e+03
2.686000000000000000e+03
2.359000000000000000e+03
3.000000000000000000e+01
2.315000000000000000e+03
5.300000000000000000e+01
1.370000000000000000e+02
1.868000000000000000e+03
9.170000000000000000e+02
2.942000000000000000e+03
9.280000000000000000e+02
1.445000000000000000e+03
6.090000000000000000e+02
1.787000000000000000e+03
1.004000000000000000e+03
2.081000000000000000e+03
9.310000000000000000e+02
2.045000000000000000e+03
2.611000000000000000e+03
1.447000000000000000e+03
2.304000000000000000e+03
2.785000000000000000e+03
2.449000000000000000e+03
7.000000000000000000e+01
7.330000000000000000e+02
2.128000000000000000e+03
2.338000000000000000e+03
1.007000000000000000e+03
2.230000000000000000e+03
3.292000000000000000e+03
2.119000000000000000e+03
7.110000000000000000e+02
6.590000000000000000e+02
3.910000000000000000e+02
2.995000000000000000e+03
1.669000000000000000e+03
2.480000000000000000e+02
2.964000000000000000e+03
1.597000000000000000e+03
1.517000000000000000e+03
1.607000000000000000e+03
2.053000000000000000e+03
2.922000000000000000e+03
1.633000000000000000e+03
2.613000000000000000e+03
2.945000000000000000e+03
3.297000000000000000e+03
2.281000000000000000e+03
1.536000000000000000e+03
1.802000000000000000e+03
2.838000000000000000e+03
2.588000000000000000e+03
2.332000000000000000e+03
6.300000000000000000e+01
9.760000000000000000e+02
5.270000000000000000e+02
1.953000000000000000e+03
5.320000000000000000e+02
1.956000000000000000e+03
5.940000000000000000e+02
2.353000000000000000e+03
2.708000000000000000e+03
2.965000000000000000e+03
2.578000000000000000e+03
1.796000000000000000e+03
1.040000000000000000e+03
3.240000000000000000e+02
1.537000000000000000e+03
5.990000000000000000e+02
2.207000000000000000e+03
2.044000000000000000e+03
2.808000000000000000e+03
3.870000000000000000e+02
1.230000000000000000e+03
2.090000000000000000e+02
1.094000000000000000e+03
3.267000000000000000e+03
2.682000000000000000e+03
1.710000000000000000e+03
5.950000000000000000e+02
1.571000000000000000e+03
1.336000000000000000e+03
1.681000000000000000e+03
4.390000000000000000e+02
7.490000000000000000e+02
2.650000000000000000e+03
2.060000000000000000e+03
1.960000000000000000e+03
6.710000000000000000e+02
1.621000000000000000e+03
2.460000000000000000e+02
2.060000000000000000e+02
1.540000000000000000e+02
3.273000000000000000e+03
1.510000000000000000e+03
2.729000000000000000e+03
6.900000000000000000e+02
1.701000000000000000e+03
1.310000000000000000e+02
2.625000000000000000e+03
8.780000000000000000e+02
1.626000000000000000e+03
2.700000000000000000e+01
2.419000000000000000e+03
2.286000000000000000e+03
1.600000000000000000e+02
1.973000000000000000e+03
2.300000000000000000e+03
4.110000000000000000e+02
1.240000000000000000e+03
1.290000000000000000e+02
3.240000000000000000e+03
3.054000000000000000e+03
3.295000000000000000e+03
1.610000000000000000e+02
1.239000000000000000e+03
1.260000000000000000e+03
2.768000000000000000e+03
2.530000000000000000e+03
1.861000000000000000e+03
3.129000000000000000e+03
5.670000000000000000e+02
1.650000000000000000e+02
3.062000000000000000e+03
1.133000000000000000e+03
3.259000000000000000e+03
2.341000000000000000e+03
1.900000000000000000e+03
3.111000000000000000e+03
2.849000000000000000e+03
2.850000000000000000e+03
2.250000000000000000e+02
1.790000000000000000e+02
1.269000000000000000e+03
2.220000000000000000e+02
1.312000000000000000e+03
2.124000000000000000e+03
2.796000000000000000e+03
1.208000000000000000e+03
2.209000000000000000e+03
2.839000000000000000e+03
1.674000000000000000e+03
1.503000000000000000e+03
2.510000000000000000e+03
1.785000000000000000e+03
1.372000000000000000e+03
1.316000000000000000e+03
1.676000000000000000e+03
8.950000000000000000e+02
1.568000000000000000e+03
2.974000000000000000e+03
2.909000000000000000e+03
6.490000000000000000e+02
2.010000000000000000e+02
3.056000000000000000e+03
9.550000000000000000e+02
3.145000000000000000e+03
9.440000000000000000e+02
9.360000000000000000e+02
2.080000000000000000e+03
2.444000000000000000e+03
6.640000000000000000e+02
1.286000000000000000e+03
1.908000000000000000e+03
3.301000000000000000e+03
6.300000000000000000e+02
1.060000000000000000e+02
2.107000000000000000e+03
1.170000000000000000e+03
2.643000000000000000e+03
1.412000000000000000e+03
2.970000000000000000e+02
2.303000000000000000e+03
2.042000000000000000e+03
1.755000000000000000e+03
3.242000000000000000e+03
3.045000000000000000e+03
1.424000000000000000e+03
1.969000000000000000e+03
3.307000000000000000e+03
1.410000000000000000e+02
8.750000000000000000e+02
2.420000000000000000e+02
8.630000000000000000e+02
7.100000000000000000e+02
2.426000000000000000e+03
2.205000000000000000e+03
3.400000000000000000e+01
2.254000000000000000e+03
3.324000000000000000e+03
2.727000000000000000e+03
1.949000000000000000e+03
3.185000000000000000e+03
1.818000000000000000e+03
1.898000000000000000e+03
1.646000000000000000e+03
2.701000000000000000e+03
1.923000000000000000e+03
2.893000000000000000e+03
2.878000000000000000e+03
2.480000000000000000e+03
1.261000000000000000e+03
1.812000000000000000e+03
2.237000000000000000e+03
2.041000000000000000e+03
2.308000000000000000e+03
2.335000000000000000e+03
8.000000000000000000e+02
4.700000000000000000e+01
1.821000000000000000e+03
1.600000000000000000e+03
7.990000000000000000e+02
1.526000000000000000e+03
1.100000000000000000e+03
3.093000000000000000e+03
2.245000000000000000e+03
2.604000000000000000e+03
1.267000000000000000e+03
3.470000000000000000e+02
2.585000000000000000e+03
2.830000000000000000e+03
1.019000000000000000e+03
2.779000000000000000e+03
2.320000000000000000e+03
7.690000000000000000e+02
1.062000000000000000e+03
1.720000000000000000e+03
4.910000000000000000e+02
1.246000000000000000e+03
2.114000000000000000e+03
1.767000000000000000e+03
3.323000000000000000e+03
3.322000000000000000e+03
1.350000000000000000e+02
2.319000000000000000e+03
2.023000000000000000e+03
6.410000000000000000e+02
1.375000000000000000e+03
1.203000000000000000e+03
1.190000000000000000e+03
1.524000000000000000e+03
6.180000000000000000e+02
4.140000000000000000e+02
2.290000000000000000e+02
1.702000000000000000e+03
1.697000000000000000e+03
2.314000000000000000e+03
1.717000000000000000e+03
2.767000000000000000e+03
2.576000000000000000e+03
1.531000000000000000e+03
7.960000000000000000e+02
2.971000000000000000e+03
2.142000000000000000e+03
1.320000000000000000e+02
2.367000000000000000e+03
3.037000000000000000e+03
2.722000000000000000e+03
2.032000000000000000e+03
5.800000000000000000e+01
2.073000000000000000e+03
1.326000000000000000e+03
1.173000000000000000e+03
2.340000000000000000e+03
7.130000000000000000e+02
1.006000000000000000e+03
2.999000000000000000e+03
8.570000000000000000e+02
4.430000000000000000e+02
1.126000000000000000e+03
3.033000000000000000e+03
2.847000000000000000e+03
2.400000000000000000e+03
2.739000000000000000e+03
2.904000000000000000e+03
2.299000000000000000e+03
1.655000000000000000e+03
5.250000000000000000e+02
2.455000000000000000e+03
1.300000000000000000e+01
9.960000000000000000e+02
1.100000000000000000e+02
3.270000000000000000e+02
8.890000000000000000e+02
2.776000000000000000e+03
1.471000000000000000e+03
1.758000000000000000e+03
3.025000000000000000e+03
4.820000000000000000e+02
2.067000000000000000e+03
1.399000000000000000e+03
6.820000000000000000e+02
2.660000000000000000e+02
3.237000000000000000e+03
2.711000000000000000e+03
1.705000000000000000e+03
8.810000000000000000e+02
1.202000000000000000e+03
2.762000000000000000e+03
2.559000000000000000e+03
2.799000000000000000e+03
3.360000000000000000e+02
2.397000000000000000e+03
2.803000000000000000e+03
1.585000000000000000e+03
1.668000000000000000e+03
7.770000000000000000e+02
3.156000000000000000e+03
7.600000000000000000e+01
1.768000000000000000e+03
2.680000000000000000e+02
9.230000000000000000e+02
1.648000000000000000e+03
2.159000000000000000e+03
4.600000000000000000e+02
2.540000000000000000e+02
2.848000000000000000e+03
2.269000000000000000e+03
5.720000000000000000e+02
2.651000000000000000e+03
1.380000000000000000e+02
2.129000000000000000e+03
1.419000000000000000e+03
1.746000000000000000e+03
1.178000000000000000e+03
1.570000000000000000e+02
1.259000000000000000e+03
1.366000000000000000e+03
5.610000000000000000e+02
2.011000000000000000e+03
1.410000000000000000e+03
4.720000000000000000e+02
1.491000000000000000e+03
6.100000000000000000e+01
3.286000000000000000e+03
1.159000000000000000e+03
1.933000000000000000e+03
1.414000000000000000e+03
2.399000000000000000e+03
2.481000000000000000e+03
2.363000000000000000e+03
6.770000000000000000e+02
9.630000000000000000e+02
2.790000000000000000e+03
1.411000000000000000e+03
2.469000000000000000e+03
3.071000000000000000e+03
1.012000000000000000e+03
3.710000000000000000e+02
2.063000000000000000e+03
1.555000000000000000e+03
2.406000000000000000e+03
2.097000000000000000e+03
2.846000000000000000e+03
2.405000000000000000e+03
2.226000000000000000e+03
1.180000000000000000e+03
9.800000000000000000e+01
3.030000000000000000e+02
1.360000000000000000e+02
4.900000000000000000e+01
2.446000000000000000e+03
6.700000000000000000e+02
2.217000000000000000e+03
6.910000000000000000e+02
3.274000000000000000e+03
4.280000000000000000e+02
1.587000000000000000e+03
1.944000000000000000e+03
3.900000000000000000e+02
2.564000000000000000e+03
2.905000000000000000e+03
1.617000000000000000e+03
2.443000000000000000e+03
2.361000000000000000e+03
2.866000000000000000e+03
2.196000000000000000e+03
1.992000000000000000e+03
2.991000000000000000e+03
9.040000000000000000e+02
1.470000000000000000e+02
5.400000000000000000e+02
2.506000000000000000e+03
2.853000000000000000e+03
2.475000000000000000e+03
8.770000000000000000e+02
2.637000000000000000e+03
7.150000000000000000e+02
1.864000000000000000e+03
1.275000000000000000e+03
3.046000000000000000e+03
3.730000000000000000e+02
1.700000000000000000e+02
9.650000000000000000e+02
1.130000000000000000e+03
1.222000000000000000e+03
6.200000000000000000e+02
2.828000000000000000e+03
1.981000000000000000e+03
3.172000000000000000e+03
1.724000000000000000e+03
2.264000000000000000e+03
1.500000000000000000e+02
1.666000000000000000e+03
2.899000000000000000e+03
2.626000000000000000e+03
2.228000000000000000e+03
1.875000000000000000e+03
2.166000000000000000e+03
1.811000000000000000e+03
5.410000000000000000e+02
2.339000000000000000e+03
2.655000000000000000e+03
2.861000000000000000e+03
1.034000000000000000e+03
8.870000000000000000e+02
3.193000000000000000e+03
2.435000000000000000e+03
3.140000000000000000e+02
1.097000000000000000e+03
4.530000000000000000e+02
6.220000000000000000e+02
1.600000000000000000e+01
1.708000000000000000e+03
2.597000000000000000e+03
4.680000000000000000e+02
2.174000000000000000e+03
1.625000000000000000e+03
2.925000000000000000e+03
2.782000000000000000e+03
1.422000000000000000e+03
