8.980000000000000000e+02
2.200000000000000000e+02
1.142000000000000000e+03
5.050000000000000000e+02
1.122000000000000000e+03
1.650000000000000000e+03
1.824000000000000000e+03
1.935000000000000000e+03
2.374000000000000000e+03
2.700000000000000000e+02
2.064000000000000000e+03
1.806000000000000000e+03
7.210000000000000000e+02
1.339000000000000000e+03
1.080000000000000000e+02
2.296000000000000000e+03
2.439000000000000000e+03
1.736000000000000000e+03
1.819000000000000000e+03
1.766000000000000000e+03
6.160000000000000000e+02
1.398000000000000000e+03
1.643000000000000000e+03
6.900000000000000000e+01
5.450000000000000000e+02
1.263000000000000000e+03
8.190000000000000000e+02
2.644000000000000000e+03
2.280000000000000000e+02
1.630000000000000000e+02
1.347000000000000000e+03
1.049000000000000000e+03
4.000000000000000000e+00
1.091000000000000000e+03
2.085000000000000000e+03
2.447000000000000000e+03
1.226000000000000000e+03
1.167000000000000000e+03
2.246000000000000000e+03
2.243000000000000000e+03
3.180000000000000000e+02
2.324000000000000000e+03
1.592000000000000000e+03
4.520000000000000000e+02
4.810000000000000000e+02
1.757000000000000000e+03
1.572000000000000000e+03
9.200000000000000000e+02
1.150000000000000000e+03
2.313000000000000000e+03
1.092000000000000000e+03
9.610000000000000000e+02
2.497000000000000000e+03
1.954000000000000000e+03
3.630000000000000000e+02
1.295000000000000000e+03
1.382000000000000000e+03
2.580000000000000000e+02
1.731000000000000000e+03
1.000000000000000000e+03
5.000000000000000000e+02
1.630000000000000000e+03
1.685000000000000000e+03
2.485000000000000000e+03
1.114000000000000000e+03
1.099000000000000000e+03
1.525000000000000000e+03
1.971000000000000000e+03
2.192000000000000000e+03
1.739000000000000000e+03
1.148000000000000000e+03
8.000000000000000000e+00
2.150000000000000000e+03
1.874000000000000000e+03
2.037000000000000000e+03
2.520000000000000000e+02
1.990000000000000000e+02
1.277000000000000000e+03
8.930000000000000000e+02
1.530000000000000000e+02
8.450000000000000000e+02
8.030000000000000000e+02
1.569000000000000000e+03
9.570000000000000000e+02
3.450000000000000000e+02
2.414000000000000000e+03
1.880000000000000000e+02
1.093000000000000000e+03
1.111000000000000000e+03
2.400000000000000000e+01
7.750000000000000000e+02
2.475000000000000000e+03
1.057000000000000000e+03
1.330000000000000000e+02
1.417000000000000000e+03
7.370000000000000000e+02
1.844000000000000000e+03
2.596000000000000000e+03
2.580000000000000000e+03
1.573000000000000000e+03
1.162000000000000000e+03
1.060000000000000000e+03
2.142000000000000000e+03
1.770000000000000000e+02
2.610000000000000000e+03
1.177000000000000000e+03
2.535000000000000000e+03
4.500000000000000000e+02
1.620000000000000000e+03
1.748000000000000000e+03
2.676000000000000000e+03
2.632000000000000000e+03
1.289000000000000000e+03
2.260000000000000000e+03
2.573000000000000000e+03
5.530000000000000000e+02
3.660000000000000000e+02
3.430000000000000000e+02
2.672000000000000000e+03
8.920000000000000000e+02
1.617000000000000000e+03
4.060000000000000000e+02
1.582000000000000000e+03
1.309000000000000000e+03
1.940000000000000000e+02
3.840000000000000000e+02
1.474000000000000000e+03
1.797000000000000000e+03
2.430000000000000000e+02
1.464000000000000000e+03
5.730000000000000000e+02
1.700000000000000000e+01
1.469000000000000000e+03
8.010000000000000000e+02
1.232000000000000000e+03
1.846000000000000000e+03
2.464000000000000000e+03
1.445000000000000000e+03
1.813000000000000000e+03
2.650000000000000000e+03
1.640000000000000000e+03
9.240000000000000000e+02
3.200000000000000000e+01
8.130000000000000000e+02
5.000000000000000000e+00
1.659000000000000000e+03
1.900000000000000000e+01
9.810000000000000000e+02
4.760000000000000000e+02
1.715000000000000000e+03
7.190000000000000000e+02
1.990000000000000000e+03
2.515000000000000000e+03
2.377000000000000000e+03
7.200000000000000000e+01
3.480000000000000000e+02
9.800000000000000000e+02
2.375000000000000000e+03
1.791000000000000000e+03
4.750000000000000000e+02
2.498000000000000000e+03
1.699000000000000000e+03
2.025000000000000000e+03
1.253000000000000000e+03
5.670000000000000000e+02
1.859000000000000000e+03
4.630000000000000000e+02
3.620000000000000000e+02
1.801000000000000000e+03
7.620000000000000000e+02
7.880000000000000000e+02
2.617000000000000000e+03
6.120000000000000000e+02
1.917000000000000000e+03
1.243000000000000000e+03
6.480000000000000000e+02
3.640000000000000000e+02
1.102000000000000000e+03
1.426000000000000000e+03
1.430000000000000000e+03
5.560000000000000000e+02
8.320000000000000000e+02
2.171000000000000000e+03
1.254000000000000000e+03
2.671000000000000000e+03
3.420000000000000000e+02
6.400000000000000000e+02
2.655000000000000000e+03
2.110000000000000000e+02
1.192000000000000000e+03
1.101000000000000000e+03
1.242000000000000000e+03
5.630000000000000000e+02
1.500000000000000000e+03
1.411000000000000000e+03
1.002000000000000000e+03
2.035000000000000000e+03
2.572000000000000000e+03
1.200000000000000000e+02
5.200000000000000000e+02
1.840000000000000000e+02
2.039000000000000000e+03
4.930000000000000000e+02
2.161000000000000000e+03
2.870000000000000000e+02
7.730000000000000000e+02
2.030000000000000000e+02
2.537000000000000000e+03
1.746000000000000000e+03
3.440000000000000000e+02
8.060000000000000000e+02
1.937000000000000000e+03
2.118000000000000000e+03
5.550000000000000000e+02
2.910000000000000000e+02
1.050000000000000000e+03
1.580000000000000000e+02
1.151000000000000000e+03
1.570000000000000000e+03
1.741000000000000000e+03
9.400000000000000000e+01
2.407000000000000000e+03
2.111000000000000000e+03
1.058000000000000000e+03
1.657000000000000000e+03
1.231000000000000000e+03
7.600000000000000000e+02
1.196000000000000000e+03
2.112000000000000000e+03
1.126000000000000000e+03
7.200000000000000000e+02
2.960000000000000000e+02
1.348000000000000000e+03
2.810000000000000000e+02
1.542000000000000000e+03
1.158000000000000000e+03
3.710000000000000000e+02
1.318000000000000000e+03
1.200000000000000000e+01
1.601000000000000000e+03
2.400000000000000000e+03
2.473000000000000000e+03
3.060000000000000000e+02
1.358000000000000000e+03
